51
1 40 7.1 10189 8231 3 2.2 9270 8910 4 2.5 34502 29476 7 1.9 28107 8732 8 3.2 14079 28444 11 10.0 2606 39183 12 3.7 16390 15317 9 6.3 29880 20374 18 4.2 38984 1189 10 7.0 9392 31210 37 7.5 7904 34377 5 7.7 30302 9955 17 4.3 5293 9403 14 3.8 24243 10647 51 9.8 4313 9132 34 0.5 1254 7206 38 0.6 5671 25313 24 6.4 34623 7953 41 3.8 27946 15332 27 6.1 26063 14764 42 0.2 8101 39967 36 5.6 5128 14695 48 5.2 18091 39175 13 5.9 13219 26637 49 8.5 15590 30912 23 5.7 8327 30166 28 3.1 28569 28755 29 8.6 7025 35661 26 8.0 35085 28742 44 6.8 15014 31770 46 7.7 11172 4618 45 9.7 17481 3023 50 3.6 38698 32747 43 0.2 7755 1981
2 40 9.2 16636 28933 10 7.7 14223 31284 13 3.9 14011 31601 14 5.2 22651 6078 20 6.6 37272 29498 23 7.1 37889 3016 34 3.1 32015 4964 28 8.1 36885 17762 30 9.5 38876 31769 9 1.8 24158 23302 3 0.6 32766 29163 37 0.3 4737 10570 21 1.2 6228 33873 29 7.4 37202 12698 47 1.2 2737 35676 5 1.0 23723 17602 38 8.0 29737 19565 51 5.5 24379 14285 11 6.1 18125 22115 6 1.8 16444 12840 31 1.7 21769 17800 33 9.2 22970 6454 39 6.2 29046 7360 18 7.2 29752 17207 46 6.2 7499 23888 15 2.4 10487 2841 27 4.0 12035 34967 36 2.8 23420 36446 4 6.3 9101 24581 26 1.2 35280 36452 25 9.4 22220 14375 32 0.2 17076 13405 48 5.3 5163 6643 45 9.5 7233 21884 16 6.1 29391 30495 41 7.9 34752 6367 8 0.4 30560 24685
3 1 2.2 8910 9270 5 0.7 37456 6496 6 9.0 31896 40342 17 1.6 30448 39542 24 1.9 5885 20029 2 0.6 29163 32766 11 3.3 28493 22755 15 8.1 19137 26826 26 9.6 3589 15404 4 3.9 13888 35170 28 4.5 7325 6544 44 9.3 22440 31185 22 9.0 4921 40945 19 6.4 7168 5133 23 2.7 22068 22045 51 1.9 17089 19118 50 2.6 32508 11746 47 9.7 10289 33493 20 6.8 2795 34097 31 4.7 25012 19410 29 4.4 25190 22274 45 9.9 12325 6156 39 3.4 6101 3030 41 9.2 30333 8919 49 1.3 36796 14024 34 5.6 29236 32248 33 0.3 32462 3011 40 0.1 12652 15598 48 1.4 34530 9238 9 3.7 38881 28847 46 0.6 35333 15047 43 5.7 1863 31157 36 0.1 9096 17798
4 1 2.5 29476 34502 38 0.1 32557 11553 41 2.0 1929 32307 11 4.3 3196 28765 3 3.9 35170 13888 50 5.9 24318 2810 20 0.9 23532 10170 26 6.0 28085 27555 25 1.5 20773 3330 5 8.4 18176 3912 40 6.1 10768 20044 43 5.5 22467 20813 9 0.7 15246 28995 6 0.0 12524 30102 12 8.4 20052 14037 33 4.2 6621 3413 2 6.3 24581 9101 10 6.8 13630 18764 45 5.3 9448 3019 24 3.5 37777 12983 30 8.8 18788 14454 18 2.3 20543 35582 35 9.6 5528 2464 48 2.7 3325 7868 22 3.5 3918 5531 46 8.1 18435 36382 27 6.9 17129 36940 13 1.7 40638 34229 34 9.4 38228 5402 49 4.4 27603 4452
5 3 0.7 6496 37456 16 3.3 11297 40240 19 5.9 6952 9800 7 6.4 19109 16319 33 2.2 34799 28132 1 7.7 9955 30302 2 1.0 17602 23723 42 8.4 24788 14921 38 1.7 21094 3085 6 1.6 33079 29547 4 8.4 3912 18176 25 3.6 35796 35825 45 3.6 31821 15207 43 7.7 2579 31719 48 9.3 10607 35871 34 8.3 20115 35488 15 2.8 7765 5960 44 7.4 3477 38336 47 6.4 17623 12513 24 3.8 34618 25820 22 4.7 19884 21526 46 1.8 27995 23950 27 4.2 5426 22975 36 0.6 18852 18251 39 8.6 15221 28803 12 9.8 1264 40454 35 7.8 17918 2226 18 2.2 30951 21359 30 1.6 12539 5405 31 9.3 10805 37061 17 5.1 28395 30977 49 7.0 25622 39050 29 5.0 10617 34418 11 5.9 18944 34366 37 3.6 38580 29664
6 3 9.0 40342 31896 30 8.9 25908 19213 47 7.7 23235 6482 40 1.1 22727 37504 21 9.1 28895 18331 39 4.7 37576 19368 48 9.1 10628 13120 2 1.8 12840 16444 16 7.8 30850 36086 28 9.5 6157 4092 42 5.2 16020 15497 34 3.3 35409 23197 35 1.3 18300 24208 5 1.6 29547 33079 4 0.0 30102 12524 17 3.6 38478 33488 10 8.6 35238 32009 38 4.5 7853 29131 29 5.9 35165 22447 19 5.1 25749 7822 20 5.2 36114 39337 23 3.7 5901 36394 24 7.7 1298 34333 8 5.5 1196 12060 44 4.0 12495 11209 11 2.0 11589 32398 7 8.0 15693 1719 14 0.9 24245 36098 31 2.2 21737 22502 15 9.2 26937 4750 37 6.5 3529 7216
7 1 1.9 8732 28107 5 6.4 16319 19109 40 6.6 34569 35082 11 5.4 31373 6446 51 1.3 39828 11535 28 6.2 7681 10341 10 9.1 33357 11369 21 6.1 36785 31916 37 6.8 15671 27479 39 5.1 14623 4276 49 5.8 31273 33664 32 7.1 9864 35104 17 6.6 6407 24350 45 4.1 15263 33752 8 1.0 31549 14327 6 8.0 1719 15693 14 9.3 19239 17694 50 1.2 4901 17962 44 6.7 36813 18751 35 3.5 15618 17571 24 3.3 40481 9206 29 7.2 4673 25824 18 6.8 21513 8774 9 2.4 7210 2138 25 5.4 36965 2255 27 5.7 22209 5573 46 3.7 6251 11000 36 7.5 5724 34242
8 1 3.2 28444 14079 15 5.7 19707 34413 9 5.7 19894 12284 10 3.6 37300 40818 17 3.6 38839 5375 41 7.0 7053 25789 51 3.4 39503 7365 43 5.7 13318 7580 37 3.6 12182 17649 29 8.0 31555 9326 14 7.8 16113 22925 21 4.2 24069 35788 24 0.0 29074 21672 25 7.4 28842 19861 49 4.4 22469 7159 19 4.4 8718 16691 45 4.0 32858 40669 6 5.5 12060 1196 23 5.0 30751 40715 16 10.0 21825 37846 7 1.0 14327 31549 38 2.2 1210 13906 34 6.1 5057 25724 44 2.1 4072 6094 20 8.3 13308 15392 13 2.9 26052 7881 11 6.0 11560 17443 2 0.4 24685 30560 35 4.6 8421 36717 50 0.3 10752 3145 33 0.9 38218 29456 48 5.5 35221 17541 39 6.2 29553 39353
9 40 4.1 6181 5915 18 9.5 6005 39463 8 5.7 12284 19894 1 6.3 20374 29880 2 1.8 23302 24158 44 1.2 31328 27330 37 2.8 5771 23017 31 9.3 35704 14355 15 9.9 5194 25693 19 8.8 26515 39512 24 6.0 12573 33184 4 0.7 28995 15246 51 9.3 12311 14536 21 8.9 21093 3227 33 6.8 38425 4089 45 8.7 9395 21623 20 8.2 13879 12582 17 6.0 37562 9846 13 9.0 4323 16733 10 8.0 30662 11512 43 7.0 36896 10086 30 2.3 25469 16523 49 2.6 6703 25389 22 8.0 38162 17159 42 9.5 40332 17610 46 4.4 3722 38811 14 5.5 7010 6591 23 4.5 35628 20935 25 3.0 10548 28540 16 6.4 21520 35581 50 3.4 29598 22745 12 5.7 27745 21932 3 3.7 28847 38881 26 7.3 27038 11414 7 2.4 2138 7210 32 9.7 20248 26410
10 2 7.7 31284 14223 8 3.6 40818 37300 1 7.0 31210 9392 20 6.5 36128 17380 14 2.8 20830 13547 24 2.0 2728 6595 39 2.3 33790 35039 46 9.7 21472 39755 16 8.9 14726 27414 7 9.1 11369 33357 26 9.9 18393 22048 32 4.1 34614 28760 4 6.8 18764 13630 13 2.5 12355 19777 6 8.6 32009 35238 45 5.6 12728 9162 36 9.7 40663 19749 9 8.0 11512 30662 30 9.8 13931 18258 37 7.5 11470 1831 41 8.7 40651 39338 43 3.6 37241 15308 25 2.2 14579 39425 51 0.3 11838 32930 38 9.0 39482 23639 33 9.8 11686 13017 48 5.3 6455 7767 23 1.6 22760 37209 21 5.8 38630 32295 29 7.4 8710 6296 15 8.9 5202 18777 27 7.0 26329 24751 49 2.8 30574 30303 28 6.5 34105 35018
11 1 10.0 39183 2606 26 2.4 36674 4666 37 9.8 13727 16413 43 1.0 13450 39928 3 3.3 22755 28493 15 1.7 30516 37570 7 5.4 6446 31373 25 4.6 5407 38781 4 4.3 28765 3196 39 3.1 15192 5844 27 3.5 33360 9208 2 6.1 22115 18125 38 6.9 2359 12072 34 8.4 40636 11982 51 7.2 7951 23293 36 8.5 24623 6267 13 1.8 19424 21654 47 2.2 30651 15977 24 2.4 40482 32099 44 5.5 10465 36610 16 5.3 32805 40299 17 9.3 28269 15893 23 4.4 30130 32840 31 4.7 3146 1893 19 7.2 9589 30138 21 1.0 34077 17624 35 2.2 28073 35515 50 9.1 1519 20520 49 3.1 34177 33730 6 2.0 32398 11589 8 6.0 17443 11560 41 2.9 30857 15021 22 2.9 24726 40221 46 6.1 20048 4580 5 5.9 34366 18944 29 8.2 35401 21198
12 1 3.7 15317 16390 31 5.9 2924 2245 39 9.5 6231 25285 44 2.9 8985 2528 33 1.1 3471 6853 51 1.2 19499 9389 32 3.7 15154 28864 46 7.1 38235 28846 34 5.2 37660 8320 43 4.4 17901 18501 22 7.9 25177 23841 48 1.2 3149 8964 4 8.4 14037 20052 41 7.7 27959 3495 30 8.3 34033 28010 21 5.3 27596 38294 29 1.2 19577 7374 50 2.0 37070 7416 25 7.0 15423 25525 5 9.8 40454 1264 15 2.4 10493 23837 49 9.3 29927 31401 24 0.5 20814 18562 9 5.7 21932 27745 26 0.4 37915 7408 45 6.3 7800 20942 17 2.5 32091 17027 19 8.8 6532 23297
13 2 3.9 31601 14011 28 7.2 16326 40679 42 3.2 25703 15054 36 9.4 17411 24849 20 6.6 30101 11708 16 4.0 7952 19859 50 8.5 29746 6301 44 3.6 16832 28764 27 5.0 15843 19547 15 2.4 2343 24852 46 5.3 5509 35235 14 5.3 26206 23470 37 6.1 36042 28686 11 1.8 21654 19424 19 5.7 15141 14009 32 8.6 31985 13793 23 4.3 38244 40074 1 5.9 26637 13219 10 2.5 19777 12355 26 0.6 34511 21827 48 1.4 32854 4634 9 9.0 16733 4323 40 8.1 8657 3472 21 9.6 5980 34865 51 8.7 2320 28924 24 1.5 34546 20960 29 5.5 16334 20056 8 2.9 7881 26052 4 1.7 34229 40638 38 2.4 12625 26305 30 6.9 36151 29296 18 3.2 7081 35987 35 3.6 25041 24662 31 1.5 13295 21034 39 10.0 6103 27864
14 2 5.2 6078 22651 23 8.7 33214 2008 18 4.3 1255 32609 10 2.8 13547 20830 1 3.8 10647 24243 27 1.8 4596 19335 13 5.3 23470 26206 46 5.2 33778 2438 21 1.1 4061 30253 8 7.8 22925 16113 40 5.8 19944 32620 39 7.9 2160 31581 34 8.4 17539 18328 35 4.3 8717 24516 50 5.9 24807 17023 30 0.3 22235 2027 41 7.7 26431 30469 20 0.1 8292 3412 44 3.6 18391 25480 22 1.8 29577 31104 43 8.4 16728 35322 36 1.2 5088 18584 26 1.9 24600 29019 9 5.5 6591 7010 31 8.8 40585 10740 7 9.3 17694 19239 48 6.5 36744 35445 6 0.9 36098 24245 24 8.1 14851 23453 45 6.9 11927 34737
15 8 5.7 34413 19707 21 6.8 28158 22588 27 4.7 2964 40092 3 8.1 26826 19137 11 1.7 37570 30516 16 3.0 40407 37626 13 2.4 24852 2343 37 8.0 33650 16906 34 6.7 14805 40434 9 9.9 25693 5194 26 8.4 36154 17661 35 6.1 8950 18532 36 0.4 12641 32784 47 4.4 12821 41017 2 2.4 2841 10487 18 2.1 37967 20749 23 6.5 13873 14797 41 0.8 16176 18785 5 2.8 5960 7765 42 8.4 15270 12172 25 4.3 6151 34521 51 8.9 24016 8089 46 4.1 7143 39357 39 3.1 1342 23260 12 2.4 23837 10493 44 0.3 1307 40209 17 2.5 16551 28184 28 5.2 7702 3999 20 9.0 27059 11375 40 7.0 7297 23629 50 5.3 25334 1132 24 5.8 23570 40824 6 9.2 4750 26937 10 8.9 18777 5202 30 7.9 6350 33124
16 5 3.3 40240 11297 39 9.8 5100 38824 45 0.7 22377 39565 13 4.0 19859 7952 15 3.0 37626 40407 22 5.4 5699 34275 38 4.6 21204 22602 17 9.3 12392 6871 6 7.8 36086 30850 26 6.4 28015 21352 47 0.9 32070 3487 20 6.3 16386 34592 44 7.7 5440 16467 10 8.9 27414 14726 11 5.3 40299 32805 29 4.0 11779 27507 19 9.3 38722 37180 42 7.2 17816 38590 34 3.3 4310 26670 46 3.2 38103 6249 8 10.0 37846 21825 2 6.1 30495 29391 37 5.7 4533 8324 9 6.4 35581 21520 30 7.6 3290 25848 33 4.1 13520 20817 35 1.2 12434 18428 31 8.3 10152 26441 28 1.5 33095 38123
17 3 1.6 39542 30448 22 0.3 15099 37926 29 7.9 7896 13232 44 2.5 34905 6601 8 3.6 5375 38839 27 8.6 19006 6854 1 4.3 9403 5293 40 9.8 11275 26031 16 9.3 6871 12392 36 0.0 6892 5326 19 9.9 23132 29051 47 7.4 8246 25953 6 3.6 33488 38478 9 6.0 9846 37562 11 9.3 15893 28269 18 4.7 2014 2196 35 4.1 16331 6527 26 0.2 10052 37188 23 1.1 19197 27326 7 6.6 24350 6407 49 4.5 29069 15338 33 8.8 15414 38666 24 0.3 30164 40574 15 2.5 28184 16551 45 5.9 14309 9514 46 8.3 38985 36255 51 2.7 19933 23007 42 8.9 17252 22829 25 1.2 39386 15999 5 5.1 30977 28395 37 5.7 15596 27951 41 1.5 7863 5841 12 2.5 17027 32091 32 2.2 30406 18796 21 6.8 7825 40640
18 9 9.5 39463 6005 14 4.3 32609 1255 1 4.2 1189 38984 27 5.9 11080 34041 22 2.2 30639 37720 2 7.2 17207 29752 48 0.5 7289 25226 42 4.6 21244 4854 49 5.5 23969 23840 41 2.2 21928 16625 40 3.9 38456 38706 30 8.3 27943 34323 15 2.1 20749 37967 32 7.8 39032 39116 33 7.8 16686 35766 31 9.2 19621 25125 17 4.7 2196 2014 24 2.1 32441 4270 29 1.0 15239 15373 4 2.3 35582 20543 23 3.9 29383 14627 45 9.3 19486 4377 19 4.8 31851 12982 5 2.2 21359 30951 21 2.5 33358 18966 7 6.8 8774 21513 13 3.2 35987 7081 35 8.0 6360 35629
19 5 5.9 9800 6952 48 1.1 2926 28903 43 0.8 19345 5533 23 5.5 29688 33434 49 7.9 18992 26248 9 8.8 39512 26515 40 1.8 10569 35247 17 9.9 29051 23132 34 7.0 9988 19920 27 7.4 16781 27823 13 5.7 14009 15141 22 0.2 5235 12500 3 6.4 5133 7168 16 9.3 37180 38722 25 2.8 7712 12738 32 8.4 6740 14377 8 4.4 16691 8718 6 5.1 7822 25749 36 0.7 19093 35507 29 6.8 30528 27656 11 7.2 30138 9589 33 4.6 39516 5201 31 8.0 27602 17867 28 8.3 34940 34862 18 4.8 12982 31851 30 5.5 7155 14576 20 6.5 39090 39838 38 8.1 9098 35044 12 8.8 23297 6532
20 2 6.6 29498 37272 46 8.1 33532 8202 21 8.3 33596 13344 30 3.3 36621 17480 13 6.6 11708 30101 28 0.1 24753 12402 10 6.5 17380 36128 34 8.7 18096 38187 40 3.8 24387 27583 32 6.0 5089 11701 4 0.9 10170 23532 16 6.3 34592 16386 49 9.4 6484 25423 45 6.1 33819 13331 9 8.2 12582 13879 31 4.5 13853 10913 36 8.9 36692 22546 35 10.0 28958 10038 29 0.8 14252 9504 38 2.5 38966 16584 6 5.2 39337 36114 3 6.8 34097 2795 14 0.1 3412 8292 15 9.0 11375 27059 8 8.3 15392 13308 23 0.4 40876 16929 26 5.7 34708 29413 25 1.2 19036 11918 19 6.5 39838 39090 42 0.7 5765 32795 22 6.2 16177 25297 43 2.2 12134 11977 48 4.6 18347 30733
21 15 6.8 22588 28158 20 8.3 13344 33596 49 8.6 29187 5398 6 9.1 18331 28895 43 6.2 39229 8802 26 8.6 29565 33936 2 1.2 33873 6228 50 6.8 24914 3056 14 1.1 30253 4061 33 0.5 34945 31858 7 6.1 31916 36785 8 4.2 35788 24069 9 8.9 3227 21093 28 5.8 3331 12057 39 6.7 11591 1454 46 0.4 19722 4502 12 5.3 38294 27596 34 8.9 15752 16482 44 2.8 36473 26356 45 3.4 35131 15165 37 8.0 17919 10495 23 9.7 6614 33334 13 9.6 34865 5980 40 5.4 7463 19173 11 1.0 17624 34077 41 8.1 13899 16567 24 5.0 26837 18036 18 2.5 18966 33358 51 0.7 2238 22622 10 5.8 32295 38630 38 6.0 32051 27494 17 6.8 40640 7825 32 0.7 10253 3137
22 17 0.3 37926 15099 35 9.5 31760 39275 36 5.7 1375 18325 48 7.1 22326 9149 24 1.0 35526 38964 37 4.1 35161 5276 16 5.4 34275 5699 47 6.2 28315 18170 50 7.6 29195 38619 18 2.2 37720 30639 12 7.9 23841 25177 29 0.9 25542 34953 19 0.2 12500 5235 3 9.0 40945 4921 33 3.2 7252 17929 5 4.7 21526 19884 25 8.8 11993 5957 43 6.3 9572 16550 9 8.0 17159 38162 28 7.5 34304 20367 14 1.8 31104 29577 30 3.2 16796 17894 44 6.0 25039 14584 4 3.5 5531 3918 51 6.3 5376 20075 39 0.0 19417 7472 42 0.1 39157 15055 11 2.9 40221 24726 46 3.7 8387 38191 38 5.3 28856 8566 23 2.9 10931 15478 49 1.3 9321 17944 20 6.2 25297 16177
23 2 7.1 3016 37889 25 4.4 25948 26333 14 8.7 2008 33214 50 3.0 40610 35129 33 4.6 33177 8176 41 1.3 36304 17782 24 0.8 34409 37156 29 8.1 24660 33127 49 2.2 3271 17641 19 5.5 33434 29688 46 7.9 28245 7649 45 8.1 24371 28163 13 4.3 40074 38244 15 6.5 14797 13873 43 5.8 10855 22187 1 5.7 30166 8327 3 2.7 22045 22068 11 4.4 32840 30130 48 10.0 3439 5802 17 1.1 27326 19197 38 2.4 8267 20775 31 7.9 26447 5329 39 6.0 12828 39434 6 3.7 36394 5901 18 3.9 14627 29383 30 4.2 7202 27668 21 9.7 33334 6614 8 5.0 40715 30751 9 4.5 20935 35628 42 2.9 26191 30653 20 0.4 16929 40876 37 9.9 37039 37128 27 5.4 29863 15723 47 2.3 39961 37675 10 1.6 37209 22760 51 9.9 39341 12711 22 2.9 15478 10931 34 3.9 4271 5290 28 8.6 30764 18920
24 3 1.9 20029 5885 32 9.3 9525 8494 47 3.6 31824 29638 22 1.0 38964 35526 44 9.3 33863 24100 23 0.8 37156 34409 26 0.9 27268 10221 28 8.1 12749 27972 10 2.0 6595 2728 39 5.2 3721 23748 1 6.4 7953 34623 49 6.3 9028 29699 31 4.9 18668 26109 35 1.8 11943 24242 30 6.1 26451 36370 36 0.7 1743 20070 9 6.0 33184 12573 51 4.6 26584 18595 11 2.4 32099 40482 29 4.7 24134 36409 42 7.9 22418 15786 8 0.0 21672 29074 5 3.8 25820 34618 45 1.1 13679 24932 18 2.1 4270 32441 48 0.8 25661 16266 4 3.5 12983 37777 27 6.2 6973 22831 40 2.9 8491 26989 6 7.7 34333 1298 43 3.0 35436 33584 46 5.2 5749 27669 17 0.3 40574 30164 21 5.0 18036 26837 13 1.5 20960 34546 7 3.3 9206 40481 12 0.5 18562 20814 34 0.0 40429 12888 25 9.2 23324 32915 15 5.8 40824 23570 14 8.1 23453 14851
25 23 4.4 26333 25948 38 3.4 1480 7923 51 1.0 28558 34579 27 6.9 2065 33899 43 5.2 24388 5580 29 5.3 21161 7856 11 4.6 38781 5407 26 1.2 7283 22421 4 1.5 3330 20773 5 3.6 35825 35796 42 3.9 19550 15609 2 9.4 14375 22220 15 4.3 34521 6151 8 7.4 19861 28842 19 2.8 12738 7712 22 8.8 5957 11993 33 7.4 14841 3871 34 0.5 3555 31998 44 3.3 2103 18907 12 7.0 25525 15423 30 6.5 31343 33527 10 2.2 39425 14579 9 3.0 28540 10548 46 0.3 33635 15056 17 1.2 15999 39386 24 9.2 32915 23324 20 1.2 11918 19036 37 2.3 20962 22290 7 5.4 2255 36965 47 6.2 8150 4025
26 11 2.4 4666 36674 24 0.9 10221 27268 21 8.6 33936 29565 3 9.6 15404 3589 45 0.1 20124 13301 15 8.4 17661 36154 16 6.4 21352 28015 25 1.2 22421 7283 4 6.0 27555 28085 10 9.9 22048 18393 13 0.6 21827 34511 50 8.5 38114 39441 2 1.2 36452 35280 47 1.5 8831 20275 17 0.2 37188 10052 39 8.2 27013 8934 1 8.0 28742 35085 48 8.0 25365 14867 49 2.7 31925 10184 14 1.9 29019 24600 35 6.2 24237 29689 36 8.9 32449 35347 37 9.3 29939 15818 20 5.7 29413 34708 12 0.4 7408 37915 28 5.9 2467 19411 9 7.3 11414 27038 30 3.9 2209 34006 46 6.9 27277 26915 51 5.9 4046 3218 34 4.0 16635 14953
27 15 4.7 40092 2964 50 5.7 21824 27221 46 8.9 34984 13738 25 6.9 33899 2065 49 1.7 22803 24591 17 8.6 6854 19006 18 5.9 34041 11080 37 2.6 38011 7591 13 5.0 19547 15843 44 6.3 12799 33627 11 3.5 9208 33360 14 1.8 19335 4596 1 6.1 14764 26063 42 5.5 34252 11785 19 7.4 27823 16781 35 8.0 22586 34768 2 4.0 34967 12035 48 7.2 37015 6198 29 5.5 38451 24947 45 9.7 36125 28274 28 1.2 38224 17537 5 4.2 22975 5426 47 0.0 11352 26346 31 5.5 2856 28178 24 6.2 22831 6973 39 9.0 13080 23540 4 6.9 36940 17129 23 5.4 15723 29863 7 5.7 5573 22209 10 7.0 24751 26329
28 13 7.2 40679 16326 2 8.1 17762 36885 39 2.6 19080 27291 20 0.1 12402 24753 30 3.0 2268 3061 35 0.7 4279 4661 24 8.1 27972 12749 6 9.5 4092 6157 41 6.7 31094 22407 7 6.2 10341 7681 3 4.5 6544 7325 38 4.0 18371 22991 44 5.2 13195 6102 21 5.8 12057 3331 37 4.5 5545 33808 1 3.1 28755 28569 46 0.2 1571 29248 45 5.7 29029 27769 27 1.2 17537 38224 43 4.0 15912 12511 22 7.5 20367 34304 51 7.7 11861 30554 19 8.3 34862 34940 40 9.6 3874 28190 15 5.2 3999 7702 47 9.0 9628 22906 33 4.3 26332 14159 26 5.9 19411 2467 32 5.4 6925 10978 10 6.5 35018 34105 16 1.5 38123 33095 23 8.6 18920 30764
29 17 7.9 13232 7896 33 5.2 22512 33870 30 9.4 39646 16606 25 5.3 7856 21161 2 7.4 12698 37202 23 8.1 33127 24660 31 7.5 38420 3973 37 4.6 3772 16512 8 8.0 9326 31555 22 0.9 34953 25542 35 3.2 17460 29851 24 4.7 36409 24134 27 5.5 24947 38451 42 4.8 33853 33762 46 5.8 34208 15961 16 4.0 27507 11779 1 8.6 35661 7025 6 5.9 22447 35165 34 9.7 11430 31040 20 0.8 9504 14252 18 1.0 15373 15239 12 1.2 7374 19577 36 8.3 13198 5044 19 6.8 27656 30528 38 4.3 2742 19530 45 3.9 7553 26861 3 4.4 22274 25190 48 3.0 38210 26008 50 9.1 29108 3511 13 5.5 20056 16334 7 7.2 25824 4673 43 0.1 19132 8890 10 7.4 6296 8710 5 5.0 34418 10617 11 8.2 21198 35401
30 6 8.9 19213 25908 29 9.4 16606 39646 2 9.5 31769 38876 41 1.9 36951 29701 20 3.3 17480 36621 28 3.0 3061 2268 34 1.2 22132 22391 33 7.7 36049 18386 49 8.1 22237 30770 24 6.1 36370 26451 18 8.3 34323 27943 12 8.3 28010 34033 32 9.4 38931 29366 51 3.7 39743 11115 47 9.6 13025 38302 48 7.3 25741 22100 31 0.7 22728 1469 14 0.3 2027 22235 39 4.8 36644 9668 10 9.8 18258 13931 4 8.8 14454 18788 9 2.3 16523 25469 23 4.2 27668 7202 46 0.3 4321 10552 25 6.5 33527 31343 22 3.2 17894 16796 43 5.9 19675 22633 19 5.5 14576 7155 5 1.6 5405 12539 35 4.0 25038 28728 16 7.6 25848 3290 13 6.9 29296 36151 45 5.0 3332 23781 26 3.9 34006 2209 15 7.9 33124 6350 44 9.6 14349 32660
31 12 5.9 2245 2924 44 9.4 19226 6197 48 3.3 3834 40862 51 7.3 8960 22644 34 5.4 36305 17708 29 7.5 3973 38420 9 9.3 14355 35704 2 1.7 17800 21769 47 9.2 30690 5475 24 4.9 26109 18668 45 3.4 30213 11186 20 4.5 10913 13853 30 0.7 1469 22728 18 9.2 25125 19621 11 4.7 1893 3146 49 5.7 1935 10918 23 7.9 5329 26447 27 5.5 28178 2856 19 8.0 17867 27602 3 4.7 19410 25012 33 2.9 38318 12250 14 8.8 10740 40585 5 9.3 37061 10805 6 2.2 22502 21737 16 8.3 26441 10152 13 1.5 21034 13295
32 24 9.3 8494 9525 34 2.5 13238 24099 12 3.7 28864 15154 20 6.0 11701 5089 33 5.4 1146 18695 48 5.1 34593 11340 13 8.6 13793 31985 30 9.4 29366 38931 10 4.1 28760 34614 18 7.8 39116 39032 36 5.4 32878 19527 45 4.6 14441 12248 7 7.1 35104 9864 19 8.4 14377 6740 2 0.2 13405 17076 40 3.8 8271 12480 35 3.4 8191 17801 39 5.7 34344 15841 42 3.4 23763 23359 51 8.2 22157 36213 46 1.1 23787 39891 44 7.7 16679 11582 9 9.7 26410 20248 17 2.2 18796 30406 37 4.8 11646 6826 28 5.4 10978 6925 38 8.0 27022 28688 21 0.7 3137 10253
33 29 5.2 33870 22512 49 4.8 38291 38025 23 4.6 8176 33177 12 1.1 6853 3471 48 8.7 4192 11449 5 2.2 28132 34799 42 9.6 31354 3047 44 5.7 23068 11071 30 7.7 18386 36049 32 5.4 18695 1146 47 3.1 25767 22840 51 4.6 2284 38652 21 0.5 31858 34945 2 9.2 6454 22970 38 7.0 30666 1726 50 4.5 39793 34178 9 6.8 4089 38425 4 4.2 3413 6621 18 7.8 35766 16686 39 2.6 19394 31802 22 3.2 17929 7252 37 1.4 16042 27764 40 1.5 34837 12430 25 7.4 3871 14841 17 8.8 38666 15414 19 4.6 5201 39516 46 3.8 19437 39692 31 2.9 12250 38318 28 4.3 14159 26332 10 9.8 13017 11686 35 1.2 4545 7214 3 0.3 3011 32462 16 4.1 20817 13520 8 0.9 29456 38218
34 2 3.1 4964 32015 32 2.5 24099 13238 42 3.1 31101 20651 41 0.9 28494 14380 46 5.7 8700 17037 20 8.7 38187 18096 30 1.2 22391 22132 1 0.5 7206 1254 31 5.4 17708 36305 15 6.7 40434 14805 11 8.4 11982 40636 12 5.2 8320 37660 6 3.3 23197 35409 35 4.2 2689 15652 19 7.0 19920 9988 14 8.4 18328 17539 5 8.3 35488 20115 36 7.2 17825 28349 39 5.0 33580 6807 29 9.7 31040 11430 21 8.9 16482 15752 49 5.1 32519 35134 25 0.5 31998 3555 40 3.7 32350 22680 16 3.3 26670 4310 44 1.4 11265 14628 8 6.1 25724 5057 45 3.0 5220 14793 3 5.6 32248 29236 24 0.0 12888 40429 4 9.4 5402 38228 47 9.1 34552 37132 23 3.9 5290 4271 26 4.0 14953 16635
35 22 9.5 39275 31760 28 0.7 4661 4279 45 6.3 22165 26142 15 6.1 18532 8950 24 1.8 24242 11943 34 4.2 15652 2689 6 1.3 24208 18300 29 3.2 29851 17460 27 8.0 34768 22586 44 4.4 19721 28204 14 4.3 24516 8717 20 10.0 10038 28958 17 4.1 6527 16331 46 5.6 32690 18638 32 3.4 17801 8191 40 4.9 25962 29085 4 9.6 2464 5528 5 7.8 2226 17918 11 2.2 35515 28073 26 6.2 29689 24237 47 1.5 28452 29114 51 4.6 12277 22353 33 1.2 7214 4545 7 3.5 17571 15618 43 3.8 33292 38996 30 4.0 28728 25038 8 4.6 36717 8421 16 1.2 18428 12434 38 1.0 21064 40681 13 3.6 24662 25041 18 8.0 35629 6360
36 22 5.7 18325 1375 41 5.8 11222 28096 13 9.4 24849 17411 37 8.4 1955 14472 48 0.1 30780 5909 15 0.4 32784 12641 11 8.5 6267 24623 42 7.2 38503 38878 38 7.0 8615 12333 17 0.0 5326 6892 24 0.7 20070 1743 1 5.6 14695 5128 2 2.8 36446 23420 40 1.1 7625 40799 45 4.8 28751 17788 34 7.2 28349 17825 32 5.4 19527 32878 20 8.9 22546 36692 10 9.7 19749 40663 5 0.6 18251 18852 29 8.3 5044 13198 19 0.7 35507 19093 14 1.2 18584 5088 50 9.1 5817 7484 26 8.9 35347 32449 3 0.1 17798 9096 7 7.5 34242 5724
37 11 9.8 16413 13727 2 0.3 10570 4737 22 4.1 5276 35161 43 8.4 35756 16036 27 2.6 7591 38011 1 7.5 34377 7904 51 8.5 34788 19318 9 2.8 23017 5771 8 3.6 17649 12182 15 8.0 16906 33650 29 4.6 16512 3772 36 8.4 14472 1955 39 8.4 40884 33950 50 9.7 40671 26572 13 6.1 28686 36042 7 6.8 27479 15671 28 4.5 33808 5545 49 1.1 33364 4388 33 1.4 27764 16042 45 4.8 32386 11744 38 5.0 39495 33683 21 8.0 10495 17919 47 2.1 17087 31443 10 7.5 1831 11470 48 0.3 15090 4895 16 5.7 8324 4533 26 9.3 15818 29939 23 9.9 37128 37039 17 5.7 27951 15596 25 2.3 22290 20962 32 4.8 6826 11646 6 6.5 7216 3529 40 5.0 16896 6689 5 3.6 29664 38580 46 0.9 17524 21561
38 25 3.4 7923 1480 41 5.3 24604 14023 4 0.1 11553 32557 46 7.4 33874 22776 2 8.0 19565 29737 1 0.6 25313 5671 16 4.6 22602 21204 11 6.9 12072 2359 36 7.0 12333 8615 33 7.0 1726 30666 28 4.0 22991 18371 5 1.7 3085 21094 39 7.6 32724 33432 45 9.4 34689 23158 51 1.3 10898 3929 6 4.5 29131 7853 40 3.6 38214 22320 23 2.4 20775 8267 20 2.5 16584 38966 37 5.0 33683 39495 29 4.3 19530 2742 50 1.0 38674 23105 44 3.2 33891 16202 8 2.2 13906 1210 10 9.0 23639 39482 13 2.4 26305 12625 48 6.6 25826 24124 22 5.3 8566 28856 19 8.1 35044 9098 32 8.0 28688 27022 35 1.0 40681 21064 21 6.0 27494 32051
39 12 9.5 25285 6231 44 6.8 28957 36542 28 2.6 27291 19080 16 9.8 38824 5100 46 3.0 19948 20465 6 4.7 19368 37576 11 3.1 5844 15192 10 2.3 35039 33790 24 5.2 23748 3721 37 8.4 33950 40884 47 3.0 30162 20740 2 6.2 7360 29046 38 7.6 33432 32724 7 5.1 4276 14623 14 7.9 31581 2160 51 4.8 39014 36054 33 2.6 31802 19394 34 5.0 6807 33580 21 6.7 1454 11591 30 4.8 9668 36644 26 8.2 8934 27013 5 8.6 28803 15221 23 6.0 39434 12828 32 5.7 15841 34344 15 3.1 23260 1342 41 0.1 20824 23328 27 9.0 23540 13080 3 3.4 3030 6101 50 3.7 13359 34237 22 0.0 7472 19417 8 6.2 39353 29553 13 10.0 27864 6103
40 1 7.1 8231 10189 2 9.2 28933 16636 9 4.1 5915 6181 6 1.1 37504 22727 45 3.8 19645 36645 7 6.6 35082 34569 20 3.8 27583 24387 17 9.8 26031 11275 19 1.8 35247 10569 14 5.8 32620 19944 4 6.1 20044 10768 48 6.3 14459 40566 18 3.9 38706 38456 44 5.0 18408 7229 36 1.1 40799 7625 47 1.8 21899 29367 38 3.6 22320 38214 33 1.5 12430 34837 13 8.1 3472 8657 32 3.8 12480 8271 49 3.1 16321 24885 34 3.7 22680 32350 35 4.9 29085 25962 24 2.9 26989 8491 41 3.6 24268 8400 21 5.4 19173 7463 28 9.6 28190 3874 15 7.0 23629 7297 3 0.1 15598 12652 50 7.0 16230 23370 37 5.0 6689 16896 42 9.2 5712 22699
41 38 5.3 14023 24604 4 2.0 32307 1929 34 0.9 14380 28494 30 1.9 29701 36951 36 5.8 28096 11222 23 1.3 17782 36304 8 7.0 25789 7053 49 1.1 40232 14847 1 3.8 15332 27946 28 6.7 22407 31094 18 2.2 16625 21928 51 1.1 12822 21925 12 7.7 3495 27959 47 7.1 6405 31377 15 0.8 18785 16176 14 7.7 30469 26431 50 2.9 14552 24607 40 3.6 8400 24268 39 0.1 23328 20824 10 8.7 39338 40651 21 8.1 16567 13899 3 9.2 8919 30333 2 7.9 6367 34752 17 1.5 5841 7863 11 2.9 15021 30857 42 3.2 31457 12036 48 1.2 2197 23750 46 3.2 12027 32139 44 4.0 10661 15194
42 13 3.2 15054 25703 45 3.8 38826 39513 34 3.1 20651 31101 44 4.2 37565 30982 43 3.9 31841 7723 33 9.6 3047 31354 5 8.4 14921 24788 36 7.2 38878 38503 27 5.5 11785 34252 6 5.2 15497 16020 1 0.2 39967 8101 18 4.6 4854 21244 25 3.9 15609 19550 24 7.9 15786 22418 47 6.9 27581 20489 29 4.8 33762 33853 15 8.4 12172 15270 50 8.3 37363 17886 16 7.2 38590 17816 9 9.5 17610 40332 17 8.9 22829 17252 32 3.4 23359 23763 23 2.9 30653 26191 22 0.1 15055 39157 48 9.9 23180 25421 20 0.7 32795 5765 41 3.2 12036 31457 46 8.8 37972 12662 40 9.2 22699 5712
43 11 1.0 39928 13450 21 6.2 8802 39229 25 5.2 5580 24388 42 3.9 7723 31841 37 8.4 16036 35756 19 0.8 5533 19345 8 5.7 7580 13318 50 5.8 23346 19893 12 4.4 18501 17901 4 5.5 20813 22467 5 7.7 31719 2579 23 5.8 22187 10855 44 3.8 9556 19699 28 4.0 12511 15912 22 6.3 16550 9572 9 7.0 10086 36896 24 3.0 33584 35436 14 8.4 35322 16728 47 2.3 22927 39946 10 3.6 15308 37241 30 5.9 22633 19675 49 3.8 25359 21718 35 3.8 38996 33292 46 3.9 22464 18654 29 0.1 8890 19132 1 0.2 1981 7755 3 5.7 31157 1863 20 2.2 11977 12134
44 12 2.9 2528 8985 31 9.4 6197 19226 39 6.8 36542 28957 24 9.3 24100 33863 17 2.5 6601 34905 42 4.2 30982 37565 33 5.7 11071 23068 9 1.2 27330 31328 49 3.6 39199 1291 13 3.6 28764 16832 51 4.1 15225 31258 27 6.3 33627 12799 16 7.7 16467 5440 3 9.3 31185 22440 40 5.0 7229 18408 11 5.5 36610 10465 47 9.9 1501 16057 28 5.2 6102 13195 5 7.4 38336 3477 35 4.4 28204 19721 50 5.9 38955 37831 43 3.8 19699 9556 25 3.3 18907 2103 21 2.8 26356 36473 1 6.8 31770 15014 46 4.6 8939 10478 14 3.6 25480 18391 22 6.0 14584 25039 38 3.2 16202 33891 6 4.0 11209 12495 15 0.3 40209 1307 34 1.4 14628 11265 8 2.1 6094 4072 7 6.7 18751 36813 32 7.7 11582 16679 48 4.0 10156 25830 41 4.0 15194 10661 30 9.6 32660 14349
45 42 3.8 39513 38826 40 3.8 36645 19645 46 3.0 23651 30125 16 0.7 39565 22377 26 0.1 13301 20124 35 6.3 26142 22165 20 6.1 13331 33819 23 8.1 28163 24371 48 4.3 12468 7794 5 3.6 15207 31821 51 3.9 15189 29105 31 3.4 11186 30213 9 8.7 21623 9395 27 9.7 28274 36125 47 8.0 18057 8482 38 9.4 23158 34689 36 4.8 17788 28751 4 5.3 3019 9448 28 5.7 27769 29029 32 4.6 12248 14441 10 5.6 9162 12728 50 7.2 37779 10807 24 1.1 24932 13679 49 5.3 33914 3235 37 4.8 11744 32386 21 3.4 15165 35131 7 4.1 33752 15263 2 9.5 21884 7233 8 4.0 40669 32858 29 3.9 26861 7553 18 9.3 4377 19486 3 9.9 6156 12325 17 5.9 9514 14309 34 3.0 14793 5220 1 9.7 3023 17481 12 6.3 20942 7800 30 5.0 23781 3332 14 6.9 34737 11927
46 20 8.1 8202 33532 27 8.9 13738 34984 47 3.0 28334 21508 39 3.0 20465 19948 34 5.7 17037 8700 45 3.0 30125 23651 38 7.4 22776 33874 12 7.1 28846 38235 13 5.3 35235 5509 14 5.2 2438 33778 10 9.7 39755 21472 2 6.2 23888 7499 23 7.9 7649 28245 28 0.2 29248 1571 29 5.8 15961 34208 48 10.0 2076 2709 35 5.6 18638 32690 21 0.4 4502 19722 5 1.8 23950 27995 44 4.6 10478 8939 15 4.1 39357 7143 30 0.3 10552 4321 24 5.2 27669 5749 16 3.2 6249 38103 1 7.7 4618 11172 9 4.4 38811 3722 33 3.8 39692 19437 17 8.3 36255 38985 25 0.3 15056 33635 4 8.1 36382 18435 32 1.1 39891 23787 22 3.7 38191 8387 43 3.9 18654 22464 11 6.1 4580 20048 42 8.8 12662 37972 3 0.6 15047 35333 26 6.9 26915 27277 41 3.2 32139 12027 7 3.7 11000 6251 37 0.9 21561 17524
47 24 3.6 29638 31824 6 7.7 6482 23235 46 3.0 21508 28334 2 1.2 35676 2737 22 6.2 18170 28315 50 0.2 40106 21857 33 3.1 22840 25767 31 9.2 5475 30690 39 3.0 20740 30162 16 0.9 3487 32070 51 5.8 2628 36025 49 2.0 22460 29738 15 4.4 41017 12821 17 7.4 25953 8246 11 2.2 15977 30651 44 9.9 16057 1501 41 7.1 31377 6405 45 8.0 8482 18057 42 6.9 20489 27581 48 8.5 29036 27722 30 9.6 38302 13025 5 6.4 12513 17623 26 1.5 20275 8831 40 1.8 29367 21899 3 9.7 33493 10289 27 0.0 26346 11352 37 2.1 31443 17087 43 2.3 39946 22927 35 1.5 29114 28452 28 9.0 22906 9628 23 2.3 37675 39961 34 9.1 37132 34552 25 6.2 4025 8150
48 22 7.1 9149 22326 31 3.3 40862 3834 33 8.7 11449 4192 19 1.1 28903 2926 6 9.1 13120 10628 32 5.1 11340 34593 36 0.1 5909 30780 12 1.2 8964 3149 18 0.5 25226 7289 40 6.3 40566 14459 45 4.3 7794 12468 1 5.2 39175 18091 27 7.2 6198 37015 5 9.3 35871 10607 47 8.5 27722 29036 13 1.4 4634 32854 30 7.3 22100 25741 46 10.0 2709 2076 23 10.0 5802 3439 24 0.8 16266 25661 2 5.3 6643 5163 26 8.0 14867 25365 4 2.7 7868 3325 37 0.3 4895 15090 29 3.0 26008 38210 14 6.5 35445 36744 49 8.3 30209 1526 50 1.6 1194 26271 10 5.3 7767 6455 38 6.6 24124 25826 3 1.4 9238 34530 44 4.0 25830 10156 42 9.9 25421 23180 8 5.5 17541 35221 41 1.2 23750 2197 20 4.6 30733 18347
49 33 4.8 38025 38291 21 8.6 5398 29187 27 1.7 24591 22803 44 3.6 1291 39199 23 2.2 17641 3271 41 1.1 14847 40232 19 7.9 26248 18992 24 6.3 29699 9028 30 8.1 30770 22237 20 9.4 25423 6484 47 2.0 29738 22460 18 5.5 23840 23969 1 8.5 30912 15590 7 5.8 33664 31273 37 1.1 4388 33364 31 5.7 10918 1935 45 5.3 3235 33914 8 4.4 7159 22469 17 4.5 15338 29069 34 5.1 35134 32519 40 3.1 24885 16321 9 2.6 25389 6703 26 2.7 10184 31925 12 9.3 31401 29927 11 3.1 33730 34177 50 9.4 8057 33168 43 3.8 21718 25359 3 1.3 14024 36796 48 8.3 1526 30209 51 2.2 21778 30261 5 7.0 39050 25622 4 4.4 4452 27603 22 1.3 17944 9321 10 2.8 30303 30574
50 27 5.7 27221 21824 23 3.0 35129 40610 13 8.5 6301 29746 21 6.8 3056 24914 22 7.6 38619 29195 47 0.2 21857 40106 4 5.9 2810 24318 43 5.8 19893 23346 37 9.7 26572 40671 33 4.5 34178 39793 26 8.5 39441 38114 44 5.9 37831 38955 14 5.9 17023 24807 42 8.3 17886 37363 45 7.2 10807 37779 3 2.6 11746 32508 12 2.0 7416 37070 41 2.9 24607 14552 38 1.0 23105 38674 36 9.1 7484 5817 11 9.1 20520 1519 39 3.7 34237 13359 49 9.4 33168 8057 9 3.4 22745 29598 29 9.1 3511 29108 7 1.2 17962 4901 48 1.6 26271 1194 1 3.6 32747 38698 15 5.3 1132 25334 8 0.3 3145 10752 40 7.0 23370 16230
51 25 1.0 34579 28558 31 7.3 22644 8960 8 3.4 7365 39503 12 1.2 9389 19499 7 1.3 11535 39828 37 8.5 19318 34788 44 4.1 31258 15225 1 9.8 9132 4313 2 5.5 14285 24379 33 4.6 38652 2284 47 5.8 36025 2628 11 7.2 23293 7951 24 4.6 18595 26584 9 9.3 14536 12311 41 1.1 21925 12822 45 3.9 29105 15189 30 3.7 11115 39743 39 4.8 36054 39014 38 1.3 3929 10898 3 1.9 19118 17089 15 8.9 8089 24016 28 7.7 30554 11861 10 0.3 32930 11838 35 4.6 22353 12277 13 8.7 28924 2320 17 2.7 23007 19933 22 6.3 20075 5376 49 2.2 30261 21778 32 8.2 36213 22157 23 9.9 12711 39341 21 0.7 22622 2238 26 5.9 3218 4046
stop
update 6 3 0.3
update 23 17 8.9
update 37 38 5.0
update 47 51 1.9
update 37 48 2.7
update 5 12 1.4
update 3 1 10.0
update 16 44 7.2
update 2 16 10.0
update 21 32 0.7
update 1 42 2.3
update 18 5 4.6
update 50 9 2.5
update 19 11 6.1
update 13 38 7.2
update 12 30 9.8
update 27 31 3.4
update 45 21 7.5
update 40 18 3.9
update 9 31 3.8
update 7 5 9.1
update 23 11 3.2
update 3 41 7.6
update 2 33 2.6
update 28 32 1.1
update 3 36 3.2
update 27 46 8.8
update 37 21 2.5
update 10 51 3.5
update 5 11 1.1
update 28 10 2.3
update 41 2 2.0
update 37 2 7.6
update 9 3 8.4
update 20 32 4.8
update 36 26 6.9
update 28 26 1.4
update 9 21 1.4
update 2 40 4.5
update 17 24 0.9
update 45 36 0.6
update 45 28 4.3
update 1 36 7.1
update 11 35 8.5
update 1 37 9.3
update 43 24 2.3
update 48 50 9.4
update 4 3 7.3
update 14 20 6.6
update 20 26 1.3
update 18 19 6.1
update 10 27 2.7
update 15 9 5.1
update 7 39 2.8
update 50 38 5.6
update 30 23 5.4
update 34 16 4.5
update 43 14 6.6
update 17 3 7.5
update 18 5 6.3
update 49 45 7.6
update 41 17 0.2
update 33 30 8.0
update 29 17 7.3
update 18 29 8.8
update 5 43 2.4
update 2 5 0.9
update 22 33 2.1
update 40 44 5.9
update 9 19 5.0
update 22 33 5.2
update 1 42 9.9
update 1 10 0.6
update 25 30 2.3
update 12 24 7.9
update 33 10 9.9
update 34 16 0.1
update 38 25 1.0
update 34 40 7.1
update 22 49 2.6
update 43 3 2.2
update 12 4 2.0
update 43 14 8.1
update 22 4 4.5
update 8 33 8.4
update 37 7 0.5
update 13 26 8.9
update 49 40 2.0
update 26 16 8.2
update 13 40 0.7
update 5 22 9.1
update 38 11 5.9
update 33 23 7.6
update 21 7 7.3
update 23 48 3.8
update 16 30 6.9
update 35 43 4.6
update 21 49 8.5
update 18 31 6.9
update 38 19 8.2
update 36 24 5.7
update 51 25 1.9
update 38 11 5.1
update 3 47 3.6
update 13 31 3.7
update 14 26 6.1
update 23 18 3.9
update 5 15 6.9
update 26 1 9.9
update 17 27 6.0
update 26 47 3.7
update 32 48 9.6
update 11 6 1.3
update 47 34 5.3
update 25 30 8.4
update 14 31 5.2
update 21 40 3.9
update 40 18 7.5
update 15 36 9.8
update 5 25 2.2
update 17 45 8.3
update 1 10 9.8
update 35 17 7.2
update 43 3 4.7
update 31 45 1.9
update 22 46 6.4
update 23 48 6.3
update 33 9 2.5
update 40 18 8.8
update 33 23 4.1
update 16 46 9.5
update 38 28 6.8
update 10 37 7.9
update 15 34 9.0
update 14 48 9.9
update 1 37 9.1
update 40 6 2.3
update 33 9 0.9
update 17 1 0.2
update 24 15 4.1
update 10 41 4.3
update 51 12 4.5
update 1 14 2.2
update 18 2 5.2
update 14 46 6.3
update 34 11 1.0
update 34 44 4.1
update 12 49 3.7
update 30 43 2.0
update 46 45 7.7
update 17 16 0.5
update 24 6 8.8
update 35 26 1.5
update 8 25 3.0
update 19 32 5.2
update 19 29 6.1
update 49 17 1.3
update 5 31 7.2
update 11 27 7.0
update 6 38 5.1
update 15 34 2.6
update 7 8 9.0
update 19 12 7.1
update 14 6 7.2
update 24 13 1.4
update 8 51 4.7
update 42 48 0.4
update 19 29 5.0
update 21 38 9.9
update 8 37 9.9
update 16 37 4.3
update 40 28 2.5
update 38 1 1.6
update 18 35 4.1
update 20 34 4.7
update 45 27 5.3
update 17 24 1.4
update 39 28 2.6
update 8 50 5.0
update 19 27 4.7
update 46 29 8.9
update 13 2 8.3
update 35 7 1.7
update 18 5 7.7
update 39 12 4.5
update 13 23 5.3
update 6 48 9.2
update 27 46 9.4
update 36 22 7.6
update 11 7 7.9
update 31 23 9.2
update 9 25 7.8
update 32 10 1.7
update 36 17 0.1
update 50 38 9.9
update 46 39 5.9
update 10 41 2.7
update 22 14 5.4
update 40 50 7.2
update 3 47 7.2
update 51 26 6.6
update 4 41 3.3
update 3 1 4.6
update 46 39 2.0
update 35 17 7.2
update 51 31 2.6
update 33 48 5.4
update 43 37 4.1
update 39 11 6.5
update 1 27 7.5
update 28 43 0.0
update 6 23 4.3
update 39 33 9.0
update 18 35 1.6
update 5 45 2.8
update 11 25 9.4
update 16 30 5.2
update 28 13 2.0
update 24 6 2.7
update 30 5 8.7
update 25 23 4.0
update 9 51 1.2
update 1 37 7.1
update 29 31 1.1
update 39 2 6.6
update 8 51 9.1
update 25 24 3.1
update 49 40 8.3
update 45 2 5.3
update 5 4 3.7
update 2 33 7.3
update 40 44 7.3
update 25 30 6.9
update 34 19 8.2
update 45 16 1.5
update 9 51 6.4
update 15 46 0.3
update 36 10 9.8
update 33 9 5.9
update 51 23 5.4
update 38 44 3.0
update 32 45 1.2
update 20 48 7.0
update 50 44 8.3
update 6 17 9.9
update 32 18 1.1
update 35 44 6.1
update 4 49 4.3
update 1 48 7.4
update 7 29 5.3
update 42 46 3.9
update 48 40 4.5
update 6 3 8.2
update 9 13 2.5
update 51 2 6.4
update 23 39 0.9
update 46 41 4.1
update 21 33 1.8
update 23 38 2.4
update 48 19 3.2
update 45 4 0.6
update 21 6 0.4
update 42 32 4.1
update 33 44 3.5
update 51 1 0.2
update 3 31 1.8
update 34 25 1.1
update 33 44 0.9
update 33 9 3.6
update 32 44 2.0
update 6 17 2.6
update 15 9 6.9
update 44 7 2.1
update 49 24 3.1
update 23 3 3.9
update 28 26 2.7
update 43 37 0.2
update 19 17 8.3
update 35 24 1.6
update 32 17 9.2
update 44 17 6.8
update 48 26 3.6
update 33 4 5.8
update 19 33 6.7
update 42 13 8.3
update 31 12 0.8
update 7 10 9.4
update 28 16 8.4
update 21 40 2.8
update 18 29 0.6
update 11 27 2.0
update 38 22 9.5
update 49 5 1.7
update 4 11 8.0
update 36 13 9.3
update 49 40 3.9
update 29 45 3.6
update 27 25 6.5
update 24 31 1.2
update 33 44 2.0
update 20 42 5.2
update 37 17 9.0
update 23 34 7.2
update 30 39 6.7
update 9 7 6.1
update 11 35 4.8
update 33 32 3.8
update 27 5 6.7
update 20 30 9.3
update 20 19 3.5
update 39 16 6.4
update 30 18 7.6
update 1 34 0.7
update 13 48 2.9
update 48 19 8.5
update 32 13 1.3
update 2 6 1.0
update 49 31 1.7
update 14 20 0.6
update 46 33 3.2
update 18 42 9.6
update 22 43 9.4
update 40 6 5.1
update 32 45 5.5
update 18 9 9.9
update 47 50 7.5
update 15 16 7.7
update 34 32 2.8
update 50 39 7.2
update 45 38 8.1
update 28 2 0.4
update 27 37 9.9
update 14 23 2.8
update 29 34 3.6
update 9 14 9.4
update 35 13 2.2
update 33 25 1.8
update 24 13 1.8
update 23 49 0.8
update 37 51 8.3
update 46 3 0.0
update 47 48 7.9
update 3 50 4.5
update 42 50 1.6
update 19 5 8.9
update 24 11 1.4
update 2 33 3.9
update 42 9 9.1
update 8 17 1.8
update 8 1 3.3
update 44 5 5.8
update 33 9 8.3
update 25 46 9.9
update 18 42 0.9
update 9 13 6.8
update 40 35 1.1
update 33 10 3.3
update 20 48 6.8
update 46 48 3.8
update 47 50 8.6
update 48 50 1.9
update 38 19 6.4
update 10 2 8.5
update 4 13 3.6
update 9 32 0.8
update 26 45 3.8
update 18 24 1.9
update 38 1 1.7
update 30 49 6.4
update 19 33 6.5
update 15 50 9.9
update 14 7 2.5
update 35 51 3.6
update 33 17 8.9
update 29 23 1.1
update 16 20 6.2
update 12 30 8.6
update 4 9 6.1
update 46 5 3.5
update 28 2 6.8
update 43 11 8.9
update 5 45 4.4
update 15 18 4.1
update 30 43 8.3
update 6 39 10.0
update 4 2 6.3
update 51 17 9.9
update 8 29 1.7
update 36 17 8.3
update 38 16 2.3
update 29 3 2.0
update 50 4 5.0
update 5 22 0.1
update 15 25 7.7
update 37 11 0.9
update 50 9 8.5
update 29 5 9.8
update 3 1 7.1
update 35 22 8.2
update 22 4 8.3
update 4 43 6.1
update 3 26 4.5
update 27 5 8.8
update 14 46 2.1
update 27 28 7.5
update 5 3 8.1
update 36 26 7.6
update 25 44 7.1
update 51 1 0.5
update 37 28 1.7
update 39 41 7.9
update 4 20 0.7
update 49 34 8.1
update 38 44 5.3
update 30 6 1.0
update 19 29 9.1
update 33 40 1.1
update 43 10 7.7
update 9 7 2.8
update 26 45 5.3
update 47 16 3.2
update 11 6 2.9
update 46 11 8.1
update 24 42 4.4
update 22 50 8.1
update 20 30 0.6
update 37 51 4.2
update 36 42 6.0
update 15 12 8.3
update 47 50 7.4
update 3 49 2.8
update 36 2 6.6
update 20 23 6.8
update 39 2 3.1
update 21 51 1.7
update 45 1 0.1
update 9 45 5.0
update 51 25 0.6
update 42 32 0.4
update 39 44 9.8
update 17 9 8.0
update 9 21 2.5
update 20 38 9.4
update 4 6 3.1
update 33 29 1.8
update 30 26 1.1
update 10 14 5.7
update 44 14 1.3
update 28 20 7.4
update 5 48 3.1
update 50 26 9.9
update 42 27 1.7
update 7 39 4.7
update 19 22 6.2
update 28 13 4.3
update 6 35 3.7
update 20 40 1.7
update 15 36 3.7
update 14 45 5.1
update 36 38 6.2
update 25 23 7.4
update 30 6 4.6
update 26 46 3.9
update 2 25 1.9
update 13 1 8.0
update 12 4 2.5
update 12 1 6.3
update 23 24 6.1
update 42 50 8.2
update 44 13 8.6
update 50 39 1.8
update 5 17 2.3
update 15 9 8.8
update 25 44 6.5
update 6 3 7.0
update 37 33 0.8
update 33 17 9.0
update 33 10 7.3
update 49 24 9.4
update 13 10 5.0
update 31 19 5.2
update 28 32 3.1
update 22 49 4.7
update 51 33 4.6
update 48 26 6.4
update 37 33 7.3
update 47 50 6.1
update 23 17 2.8
update 12 43 4.3
update 1 48 6.2
update 19 12 1.6
update 22 29 3.1
update 22 33 7.3
update 37 29 7.0
update 5 15 8.8
update 9 30 1.3
update 45 23 8.6
update 14 24 9.2
update 17 27 3.3
update 39 12 3.9
update 20 23 2.7
update 48 30 5.8
update 31 19 3.0
update 36 14 9.2
update 22 33 9.2
update 2 6 2.4
update 44 7 3.3
update 44 7 6.4
update 37 9 8.6
update 8 44 8.1
update 9 26 7.0
update 4 20 7.9
update 39 44 5.4
update 31 19 1.5
update 40 50 5.4
update 15 25 5.7
update 39 44 0.4
update 45 38 0.3
update 20 31 1.9
update 21 40 5.4
update 46 34 6.7
update 32 48 0.8
update 42 46 6.2
update 8 21 1.4
update 35 16 7.1
update 31 45 5.2
update 49 45 1.2
update 2 25 8.0
update 29 16 5.3
update 46 2 2.1
update 15 8 7.9
update 37 48 2.3
update 40 50 5.7
update 42 32 5.2
update 45 4 10.0
update 31 33 9.2
update 34 4 0.6
update 20 25 8.3
update 15 25 5.2
update 6 5 2.2
update 47 51 5.4
update 26 34 7.3
update 43 37 1.3
update 24 28 5.4
update 47 5 8.4
update 43 8 7.2
update 41 2 2.6
update 4 41 1.6
update 25 10 1.1
update 43 29 2.5
update 42 9 5.0
update 23 19 2.7
update 23 8 0.4
update 39 11 9.1
update 34 40 2.7
update 48 50 7.1
update 29 34 6.9
update 18 5 9.2
update 1 34 1.8
update 12 33 7.8
update 11 21 3.6
update 49 33 1.2
update 5 42 4.1
update 27 28 8.1
update 4 43 5.1
update 12 30 9.5
update 34 11 2.1
update 16 42 4.6
update 37 6 8.4
update 8 25 3.8
update 3 22 5.3
update 30 44 6.0
update 50 1 7.9
update 49 27 1.4
update 48 38 9.1
update 9 22 3.6
update 44 12 0.7
update 34 4 8.8
update 37 11 0.4
update 31 23 3.2
update 23 46 1.2
update 40 4 0.1
update 5 45 8.5
update 5 25 8.8
update 8 49 2.9
update 29 11 9.6
update 38 10 4.4
update 35 24 10.0
update 29 48 1.5
update 22 42 8.3
update 30 32 0.7
start